13002
10765
3348
4835
14385
19633
3666
13960
15528
7351
3853
679
4447
10156
20912
4978
20953
1898
4840
2432
15697
18288
8080
21245
13717
8544
8111
13147
13749
1401
11952
16117
16500
10779
15672
12185
4755
14554
14506
13408
1241
19036
14671
763
3106
20649
4062
11235
8992
6890
20528
4928
21033
17476
12945
12809
10391
16454
7901
5040
2336
17061
12909
516
4288
1632
21607
9437
19888
12981
13820
15184
12106
87
15456
10273
250
5479
5422
16928
20384
18856
779
13547
83
20518
12367
11715
8626
1951
1946
8085
20523
7315
16060
4825
17454
9263
554
11545
20081
7216
14744
17808
12827
20006
2619
12056
15021
592
21762
20520
2994
8486
19530
15788
10131
4660
3718
6335
2274
15455
1944
635
20151
11085
17646
5381
10227
1983
18643
17353
17415
340
11949
10517
8247
16390
5753
11403
20109
2718
20890
14315
17694
6712
6910
3339
6379
14379
7663
2273
1071
19508
6113
1036
16747
7029
18894
12192
9164
16357
3558
6135
3342
1371
438
3960
20880
2884
16857
21526
16850
280
12068
11615
15712
119
78
20818
8510
14048
7151
15452
17894
6965
471
11638
9088
13082
12522
2701
15373
13444
12573
9458
9752
10784
4458
16451
890
19328
7003
10484
12120
17853
5478
14019
14994
1436
21143
14381
5577
11324
9565
12610
16652
16066
1552
20619
1424
5880
7669
11667
15130
4992
3687
14186
4709
2824
1822
21434
21012
1992
19729
7248
8712
14874
4017
16378
13035
13463
9937
10076
21539
19601
20713
18866
5676
7628
690
47
6512
11853
12567
6923
19042
16680
1393
9511
14046
13611
9535
5590
18325
3892
19961
3841
9315
3043
7202
1481
11035
19171
8697
20726
15057
18688
14135
17161
733
3458
3480
464
2809
12750
20244
2090
12885
1139
11010
9541
7523
8994
21686
14159
11465
1871
21131
6470
9347
3734
13196
21773
17783
15987
9369
19321
2061
4073
3510
11521
21235
19830
381
8440
14681
20654
7041
19210
4428
9205
6906
15177
14057
12087
21272
21229
12904
785
12742
11765
21312
14656
11180
6370
564
11977
8064
7382
1916
14037
5855
6598
13478
12258
13152
16082
21910
9037
1050
5604
11934
3379
19856
11112
17584
17710
8543
417
12635
5532
7045
2266
13724
5701
16246
3343
15855
4450
15839
11114
19787
906
6362
13095
1084
19199
20766
10767
14973
2388
14209
20041
9859
14213
13080
6615
8472
9576
19134
6656
20876
2265
13337
3075
4529
21854
12095
1705
19428
16238
6942
21511
20643
17475
6186
18316
16336
17570
11397
18511
5095
16223
17311
14769
8008
9601
16307
15925
16528
18107
2555
14160
7174
16698
2926
12732
18065
8726
8224
8758
15196
18704
5727
14047
11383
3887
9469
11442
9575
11928
14770
9949
7868
14012
18949
8727
2876
20577
7424
21361
3885
6968
17877
20014
9983
3471
5823
21515
10849
12282
18077
18426
15553
9998
15312
19569
19731
14945
17094
5936
14891
664
6575
15822
11030
16282
13962
18217
17622
2713
1281
11525
5129
10811
15741
1919
13915
6404
3846
2841
6339
21002
929
8844
21353
17903
14583
20938
2099
2921
12363
4056
4465
7065
20018
19587
18891
20169
596
9694
19877
10201
4980
5048
6572
14123
12418
1986
10505
8780
531
5392
9243
15931
3816
18498
16341
8366
20087
15229
12735
7345
20448
21656
8848
9630
4389
9877
11004
18798
17642
16467
18067
10377
3982
9022
14747
6003
19258
7661
16251
9994
14947
2878
13920
12340
8735
16101
5466
11050
15711
4820
14167
7908
533
5283
18554
17523
1357
21754
10452
14435
16164
20368
15256
14723
20981
9818
5932
1321
16415
16727
5472
12507
5524
15315
9380
4721
18940
2586
9578
10248
10519
14492
4863
5953
2342
21335
10577
21181
12003
16830
17975
19681
12024
16843
8055
10093
18772
15473
19685
11749
16533
13306
2589
15585
17358
19299
16298
18150
7260
17041
11162
11767
1179
15977
122
2683
4297
7448
15441
11630
16168
4203
6307
8737
17631
10926
10171
12397
7888
12485
15404
12276
9627
13860
13339
3328
2631
17796
15733
11619
12652
17986
401
16214
14466
7877
10433
11045
16444
21554
17683
8560
617
14670
7336
14564
13058
3657
1846
318
17279
246
13094
13067
19029
11809
11031
15471
4255
8864
3632
2106
20007
7965
4434
4442
20436
14692
20958
19690
1472
21404
11868
13518
10563
19499
21669
14577
6815
6936
10406
17319
11698
3286
15083
3451
15052
1414
20519
2567
18535
2648
8851
778
6533
11942
6337
3697
15112
19599
20071
14088
14602
2094
18915
1675
8380
6422
15388
15495
19967
13113
8749
1807
4325
19755
10694
16668
130
16657
13197
7105
21136
2566
16948
5221
17953
6695
12444
2785
5794
14231
10906
12494
3866
19926
3031
265
9656
2798
12300
15760
2073
12287
8180
1437
1492
13524
10094
1670
5952
12993
14730
19915
2803
1939
8841
8278
2834
545
3701
21009
11821
15656
21533
9882
1611
8708
12866
15802
16163
8802
11682
17195
18971
19149
11074
16121
15136
3842
10042
4886
6611
10941
6918
5275
7508
12175
13636
3127
18566
13585
3069
16102
12447
21198
2712
20360
5704
8550
713
6416
15765
13263
2866
4300
8340
15410
3978
11332
15773
20022
15550
8435
18438
8588
8950
16226
4718
1844
11268
4070
6767
6354
15230
21477
7865
1683
3220
15079
15917
2483
4144
426
7161
1845
7438
4538
9249
2847
372
18556
17790
18980
4518
3581
8800
16976
3664
11473
18558
15132
7950
3709
19622
8951
8253
544
13931
12649
4588
19405
18954
20002
16141
15084
5750
6341
21474
20595
11195
21261
7995
16558
729
21645
6247
9280
12053
12250
14329
19829
1261
13009
18763
1694
18655
12138
13865
9042
2906
6848
17831
17857
19964
11449
12773
10725
9169
20537
6361
14495
3016
17691
9774
4348
18736
14301
16160
815
3744
12775
1979
6579
2075
14049
16174
5481
11721
1607
5501
11779
2283
17221
21439
6325
13546
18902
5916
18995
15162
6448
20610
21440
12558
13381
5504
3029
8396
6391
1743
14384
17088
2466
2309
10295
15333
9562
18680
9782
13070
217
1530
15298
20887
8587
18205
15511
1957
11364
4491
13779
13492
21296
20256
2017
9067
10980
872
7625
3230
6229
4354
17410
2199
15743
6028
19850
21919
14884
13303
3313
11225
15754
1508
18757
1221
10335
20280
4652
14245
20140
1910
1030
19890
20250
1170
15020
11495
2789
9985
20992
15857
19167
18348
21525
9107
7116
535
11635
16447
2587
5413
6776
10066
5513
19474
18076
13355
20642
13313
8153
573
3110
17384
19083
9241
3194
3959
12523
3232
9582
7020
12876
17747
17043
3037
18404
19576
12362
9624
16010
1017
3713
21176
21152
14726
1509
20772
8465
8040
1860
4604
16065
17670
4857
13513
19123
8602
11732
13935
8256
15318
18082
4247
15085
415
21193
12682
5288
16815
12692
8031
18678
17919
4781
808
5770
7475
18591
2259
20959
15323
684
21563
20621
13554
16848
21881
11399
14674
21665
8577
4819
14452
16359
17985
6482
19289
21714
5363
17529
1256
7847
18712
11852
1717
19900
1012
4045
9
9596
18600
20181
3801
14924
19793
10667
3541
18293
12771
19810
9161
1298
3293
11415
14133
1791
3935
14453
7294
14038
8792
6086
14522
20754
4895
11565
7988
8611
3948
21818
1525
14838
12030
2403
10569
15569
1497
16623
2474
9209
3519
11674
10108
21354
21736
15972
18563
2617
3413
21402
13233
3644
1544
13614
10462
16808
18766
12332
12023
9647
6771
3825
4699
1762
3515
5430
7614
2579
9956
2932
16393
15552
9763
20286
15676
4036
15367
8850
10662
1146
13857
13769
17448
15699
5084
1828
16198
12281
14272
639
8807
3284
6550
18308
3275
19105
11049
10389
14957
1125
3550
1296
8861
5561
18638
9660
2959
20700
8718
801
8128
20550
5608
14952
4766
14741
522
9555
15223
12957
21372
9156
8162
21926
933
13146
10888
14235
19136
485
14283
19260
14961
13363
2524
11646
20168
5069
18608
19522
9672
2563
5993
10401
14482
16339
1119
17386
3408
16804
14960
6224
6376
995
21057
15437
9430
2261
21187
10774
11229
19480
16767
15464
8408
2194
13777
5919
7695
484
8921
19846
12822
12952
6314
8823
8020
12239
20229
15961
16126
10189
7146
12141
13907
15870
4537
16567
18327
7024
14459
13742
18506
15640
21132
1853
8867
7249
1982
16509
11443
19397
12390
15078
19688
14101
12983
4055
7032
3559
2220
2739
12274
12176
17736
3820
11047
7676
814
10070
12821
15444
15007
1333
20584
14890
17015
20725
5595
14642
9715
16404
19015
16738
21885
6627
7271
7352
21039
7890
4942
5007
8167
16942
3881
9741
19004
21861
864
20427
20567
12784
6873
10224
12599
10355
11341
15526
777
10223
4730
2720
12601
14499
20759
15405
9297
6464
1575
498
20869
18945
10126
4498
15320
6403
10151
15929
3104
15005
2315
13770
21338
17332
20276
3852
9011
3166
16422
3526
11263
14516
7948
7531
9110
1370
17924
18089
12916
18474
15290
8868
5166
2677
7337
4786
14715
9259
7156
12662
18457
8873
7393
10125
19032
8530
7774
57
13927
2155
19091
6138
7569
12627
5190
5684
568
21190
20794
928
3057
14764
12687
8403
14146
17611
12151
19272
12173
16440
4576
19843
10077
15208
12634
923
7434
2940
13198
6419
19741
17346
5673
1931
18687
8316
694
21624
66
924
14415
1707
2260
21550
14404
1197
3804
11530
3250
18366
169
20096
14931
11051
19396
5421
5748
7158
18241
4994
19460
13227
12738
1519
20334
16697
11831
17882
4923
5450
12592
6446
13302
11325
19294
6662
17926
10639
483
18414
3213
17401
20046
11641
5246
15325
2082
18811
10537
16952
2324
17507
17052
4502
9770
8379
19153
12041
21118
5862
17909
10852
17070
1570
18847
9960
19073
8038
6866
8028
19772
6535
2887
7998
5995
539
20177
15578
7068
3717
15362
15477
14222
7320
18177
16389
19654
999
1243
19355
2298
20370
18258
6819
3551
8773
21441
9449
13572
18341
16688
13587
14863
21127
2717
8082
15842
6678
1200
5586
13020
12831
14069
19280
17478
6536
21741
18328
15638
10621
4224
4702
18656
17099
3148
13048
13264
12069
1909
3174
3196
20342
14936
10625
10592
13228
10032
11778
21077
18399
19311
902
3903
2302
12621
9167
474
6489
18152
12297
11508
11524
15942
10706
20846
883
15612
6756
11236
13580
15235
20324
21345
16462
3269
21751
3453
10024
20477
13175
4509
12606
8845
13918
8274
14023
3042
9267
9311
18879
11832
12431
12047
12882
18417
7007
10529
21812
13123
7839
275
8394
10633
15923
18290
672
12925
7853
13731
17036
16012
12233
13421
11300
13530
14569
16340
1503
13389
6359
18519
14412
1205
4099
7974
3227
17500
4761
2014
21701
5713
4425
10431
1426
15988
18930
8097
16278
2767
17825
18927
2614
18072
162
1454
18957
6467
1083
19268
21003
16812
16375
238
4714
16819
9186
20326
3410
2903
13484
10844
5898
13243
20123
13223
7154
2339
18665
20400
12893
17521
17180
6158
4944
15012
20569
17010
5584
10921
16409
17936
2592
3412
13488
16284
1399
17485
221
14204
13555
3479
16752
2243
15769
2643
4245
205
18767
1419
12541
961
21388
5724
12671
21226
18439
7915
6857
8026
4314
13510
16573
3367
5663
9135
9363
8554
16615
4639
2024
10409
10673
9052
20273
17586
7944
9485
8556
14454
14521
16589
1974
5914
10699
3861
5905
286
12526
4032
6124
1852
1533
10627
15821
21495
11291
11974
15731
4136
1313
14754
9074
3993
12546
5530
6216
10025
8553
14474
775
14127
2026
19853
11412
853
10334
7469
578
233
15551
12265
10634
508
3327
16904
3609
2933
19077
845
13900
20005
14511
4298
16295
18355
3930
3312
2169
18820
14115
14732
3520
11692
7884
14733
16190
20605
19960
6253
2201
17727
17981
7605
6871
19106
6791
19950
20471
19347
7711
16521
14661
11338
14319
7775
21833
3693
18873
3933
7718
15907
11729
10481
11237
7038
4071
3288
15748
19342
20185
7671
16703
21089
19360
10806
21273
2825
6310
7230
11393
2995
1085
17348
13374
11327
16027
13634
3759
2438
14648
10464
19069
8934
14700
7402
18718
14968
12076
18734
21506
6980
226
14574
20204
982
1925
4777
12897
21717
13324
12593
13759
19333
643
6581
15795
13676
9108
19644
21569
15883
9836
21953
18372
11165
3291
18017
1619
3270
19719
13584
11167
17980
11497
18448
271
7858
13763
5791
20956
12101
4870
8564
9041
16221
12805
721
13073
3311
8511
10867
6738
15394
12905
19656
7928
425
20800
12026
15240
18611
21952
18664
511
6148
20717
406
17905
15280
12382
3493
14177
4253
6273
17164
9807
14432
6057
10891
4838
9305
281
3888
17946
11029
21209
17387
18231
19610
19417
5055
6136
14579
191
6397
1745
9173
18525
13603
4207
5352
8214
1292
16606
7741
20422
8808
18544
4403
5475
5164
469
10022
21898
951
16018
19555
1748
15011
13413
11287
20488
969
13782
19349
16326
6367
3923
15427
12826
4010
14169
21116
5290
1239
7427
3924
5279
16100
10446
5954
8268
11785
14633
16721
19425
13072
10083
11240
10746
12528
12457
13534
7818
68
15181
15941
4796
19336
16546
5341
6804
7343
6633
17271
5709
901
20197
16149
1382
11034
18100
16757
5778
19821
5073
19742
17848
16382
11676
9992
14217
21657
16892
15587
16218
14099
16411
21329
19119
7667
20389
11744
7932
19312
735
2698
9708
357
1439
13844
11148
20646
16709
2414
19500
13193
19060
12820
17869
20405
19367
7814
16803
17352
13276
5949
5583
10276
20553
10238
11781
15791
14775
15159
15176
16854
14666
3236
6719
16155
10103
14144
1464
3727
4140
10903
11099
7283
6887
2872
16534
19607
14274
6149
8001
8173
2569
6957
3715
21457
17720
6465
21504
8212
12698
1918
14102
3119
1726
2983
15693
147
1126
17635
1566
16798
3078
1066
419
19318
3675
3921
7093
5152
7143
12989
3326
12000
14266
20375
9091
15558
18166
10178
9911
5345
20351
13864
540
405
17137
5997
1629
17294
5264
13685
19275
350
16379
16599
6511
17301
17249
19617
134
7166
7430
5272
867
13577
12149
18472
1455
8914
21168
13396
10597
16665
7919
14353
17451
21679
8070
12620
15127
17827
17004
18646
10101
8217
5541
20343
17489
10180
16360
1208
15478
18710
8469
8272
998
10899
5140
7340
11063
11498
16514
11574
13963
1150
7836
5044
21836
13013
14900
13415
18488
2119
6400
16790
10968
9436
14413
14934
8831
17602
14616
15819
16610
12465
7057
16911
6621
21544
11723
11817
10909
15999
19691
992
2503
16960
8414
15030
16564
15634
2852
14388
11392
14546
14476
21285
19653
7557
18406
14241
13729
18830
13694
20367
21835
10197
16813
19524
17290
10659
4512
5979
4058
13469
11246
16943
5738
2492
8872
20082
16783
15849
3996
21178
10566
10991
21468
2275
13773
10152
17124
10900
5123
18716
19706
8368
14819
1404
3781
21888
7753
6714
2724
7451
13849
8375
9637
14121
13650
13091
9210
3699
1746
1970
3370
9790
9545
1953
19394
7729
4643
1817
12922
17051
4254
17976
21366
10259
8317
13112
2851
20929
9452
15877
19391
20050
1089
15156
2819
3398
12477
9265
16345
19554
8812
19228
12853
17053
19490
5867
18547
10712
3158
20521
12222
2335
21639
15402
2142
21204
10274
8538
9440
18332
21498
11979
8382
429
16902
14278
536
9568
8854
3171
9081
1448
2692
1742
6204
21426
5427
10395
11843
19930
1512
13806
96
8502
6555
13145
2240
13550
14020
9492
5469
152
15718
21112
234
20596
17098
12345
10658
9392
18314
14493
15381
6761
1145
1311
3154
17165
21727
17528
15042
8876
15430
12789
1903
15355
14009
12731
6201
9828
16625
7566
10358
13007
9670
18326
12873
9784
8059
7204
416
7848
3237
15781
6828
6245
14189
10158
17090
5576
14667
10827
15641
7756
18064
1847
12974
3186
6652
6114
11883
3546
8571
14689
11592
6816
13893
5661
10918
5859
9497
21219
7993
17726
18653
11493
2668
5114
1917
3925
16708
3020
17325
3352
15104
7215
5534
3224
4550
10580
8517
20950
12043
17659
12154
4382
17708
20397
1580
7124
12158
20506
1213
19269
10128
20316
12651
14018
14394
14268
14609
9965
18165
14196
15492
16572
3383
1718
13641
20163
12194
4306
6469
6518
20842
10314
12605
1784
11625
105
7210
17732
9399
20148
10120
19463
1753
7813
571
14991
16856
12093
16775
12924
1178
18881
16480
20327
3947
21485
14512
11116
7415
18059
17516
17925
12716
10265
15539
7684
315
4511
21336
20125
2575
17310
18405
13908
6645
19489
8238
19707
12986
17706
8529
13428
20311
9471
20112
17784
11255
5917
21939
5686
9021
11346
5927
1445
20532
392
1771
18305
7398
9046
19317
9495
10261
5500
14519
14531
2326
10896
704
18334
21486
17742
5115
1802
7578
9080
7501
19571
5540
4789
11221
14766
6823
20210
18939
11113
8110
7736
5569
11227
10200
17242
17977
187
877
5529
6650
10236
16735
9803
2889
5287
21175
14348
3686
4081
7883
1557
3611
12339
7942
18960
5725
13841
18003
6677
13917
21743
1938
20564
14395
21300
19903
13412
5888
14571
220
9242
15140
14683
5552
6822
6748
19093
6243
18453
2655
2341
2442
13504
16938
5760
4962
8079
6083
8252
18858
15932
6012
3986
16666
6493
2771
16917
12370
4215
21415
11352
2868
18776
10251
6301
18053
20886
12538
3222
20708
5838
11849
16250
1977
18374
8032
5262
17284
5989
12564
4380
21719
14465
4853
20720
12460
493
1609
447
16823
19824
16662
15994
17884
2458
10749
3955
15927
14138
6648
19097
20863
20650
10383
3482
3705
21756
5688
8213
9912
2646
3409
1064
12247
6343
3576
2081
7570
19626
6744
4121
4054
5607
16663
215
19473
9544
13031
19295
8359
3185
21695
2171
6616
705
13430
13517
16868
1647
15838
15742
20944
13845
4291
10628
4402
515
4878
10043
9269
16380
7364
13159
19841
6632
20253
10007
8017
1004
19292
12688
15847
5125
6437
9510
21809
17839
10939
14851
6140
19108
9509
7833
2452
284
19352
17871
16017
15543
10787
20547
20085
3974
10575
2951
8986
4375
3180
15348
6315
20681
1274
15447
9675
7576
11654
17514
3058
11637
11932
19993
565
56
12215
6002
20735
15306
2134
10988
6373
14112
12002
3722
21319
18929
5717
19750
5159
16247
13312
10739
915
155
2385
236
19348
6698
17011
13521
21746
12253
18049
5585
14899
550
14134
10187
7640
20399
2286
16209
20247
15024
21295
9427
16899
2486
3469
12032
17912
12793
10660
20815
5675
15260
21687
3177
2181
2237
3971
4242
3345
4956
20196
7772
13664
12419
17402
21326
18378
3003
10326
18642
11388
7618
8524
20031
7012
339
12668
14076
3780
4986
5249
9986
21352
15608
18228
13657
10350
5093
17225
2699
18765
5282
15896
404
7580
9552
2985
1704
10113
8671
20689
13971
2554
4019
19306
8423
13663
16071
10159
7828
1998
14350
5826
9389
14152
14791
19238
634
10135
13366
16435
7187
14515
4907
16640
13753
20490
13496
11391
15860
16502
10252
6641
4752
12218
15919
9584
1295
21059
3843
8704
13419
2095
43
13629
15416
11100
14226
13109
20025
7681
5158
20594
3190
21627
19819
19778
14042
14309
646
11511
21943
15311
6530
21484
2943
1596
2684
8172
5991
1052
18088
20460
13810
16673
5355
17075
825
13985
10828
18465
2513
4902
4614
13394
9686
5258
8123
4778
16099
15532
13760
14793
16046
5240
944
14361
14806
14264
16498
17150
19175
4514
12913
8706
4106
5901
2759
7408
10233
9176
2436
10477
3522
2154
9137
5951
1192
9957
5036
2109
6318
8821
18139
8976
14514
19735
16050
15520
6886
17971
534
17287
891
3894
3884
18589
1372
14285
19082
20473
1733
8746
20416
9918
313
9897
15943
14398
1290
1781
13941
2539
20304
20773
11631
18295
20117
19796
3249
15081
16691
19319
848
15689
20122
6109
18916
14328
317
4391
421
6072
20340
9865
15368
6789
16313
11172
19078
3283
3972
17212
8677
11766
7696
21650
13411
1715
334
20542
12214
178
9746
1786
14844
19975
8621
10778
116
10740
18468
10549
10423
1989
76
17493
20295
12164
19985
3633
21760
10212
19505
7933
17359
12234
10752
15758
21666
10585
7843
14871
4948
14622
8797
5045
17780
804
16760
2102
20509
18794
2518
18774
20153
20917
16838
12512
2730
8920
5312
14131
15266
18248
131
3832
15169
8432
3858
5118
14320
1168
14281
18460
8954
12515
11782
17907
18364
14094
1361
16038
14299
13740
3320
11838
18572
10534
17993
13878
8365
11605
12585
16635
5357
18910
17091
10034
16426
14244
19511
2401
2396
9966
9192
3776
12938
4521
2373
14834
21505
16675
2689
6070
20862
11207
9120
361
4689
15792
13345
9947
19677
5598
89
19300
12454
5147
4584
2678
1906
18988
4950
2376
5818
7306
11262
4227
6468
19503
19214
17978
12114
16204
707
13658
18136
12962
710
4621
21613
7287
10050
3862
14335
14214
16921
5922
19050
1673
8926
6651
17028
1988
1780
5060
17684
12316
15493
9621
10429
20474
12394
5012
9799
5499
11107
16097
7956
16734
3001
21327
21791
3025
1956
20043
9142
8945
7808
14925
11874
1770
4988
1065
9299
18813
20333
15287
1367
18659
20859
7657
7292
10815
3407
5325
2285
12046
17024
6420
13968
1883
6961
21680
18966
10502
19270
8159
5629
18785
5503
19100
14247
19519
5178
11996
21597
13911
8715
17938
19202
13847
21721
3443
19669
7150
11671
12990
19535
7169
9939
5807
15457
3347
6112
20099
18942
15201
3910
20527
9405
15784
17250
7493
17167
2602
18626
12060
499
11242
18748
16496
18753
3969
21883
3970
7229
12411
5559
19564
13390
2703
1008
21241
9094
12545
7607
10937
2287
658
7236
20336
10333
13497
19263
10966
18300
4686
7752
12689
1106
7750
5783
19168
4410
15268
2382
21671
213
3660
4190
2277
2986
6171
18147
479
14815
5441
20612
6975
3819
16194
18206
20923
3768
13451
5367
1342
9394
16148
15880
20315
3168
10913
13178
8429
12625
12800
21320
18069
9655
9059
8145
5418
20710
7973
20189
18635
11193
2665
2020
3107
15920
6682
11081
13373
8766
15293
1642
551
12013
7903
20358
8473
5978
5715
7832
19176
17252
15153
6408
9365
4759
20255
18534
13472
14462
7339
17235
5328
4927
1574
3554
16193
8894
7213
13028
3234
19727
10038
5319
6970
11916
11884
6785
18164
11184
2652
12645
2004
2740
8412
19920
11686
8240
2429
7201
8009
17724
8972
19567
1377
941
14251
11801
6917
12675
8389
18904
3751
10499
11223
17086
17029
16581
3103
20398
19390
2182
2945
18996
6982
15171
8286
4921
4132
10710
347
9412
14533
15273
16229
833
8244
19966
9364
2915
21897
4960
12825
19957
7004
18870
21061
3596
10856
11054
787
25
19870
14520
2987
4681
13898
18138
4116
9278
373
7384
3772
6710
18467
196
14864
17811
12764
8657
13943
16672
13940
855
12762
6272
11457
887
5200
18761
19736
21469
8103
19557
17582
15911
14463
1133
4276
12595
20331
3594
10054
7811
12182
20293
3745
6163
3521
21821
15928
2422
20190
15308
6908
18483
10785
5280
11201
20608
4343
3331
18091
19419
18970
2894
17227
13817
4572
9083
19743
144
13289
21766
8036
14079
4616
9840
12208
6877
14168
18510
2560
12547
11925
7383
3800
1218
17788
16592
6228
10775
19981
6074
16631
16274
11644
17251
16894
19945
17738
15036
8696
9121
15006
16080
12
11483
5326
18121
4386
5902
17573
19534
5088
11366
18514
17371
6283
14959
13475
12189
12549
6298
19692
4159
514
6724
15010
5072
11297
16701
11315
7148
16536
4548
9879
15016
15971
14680
14705
3281
3378
16566
11759
3099
19254
6523
322
15291
8624
21481
17283
18105
21927
15244
16944
7565
356
12829
20797
16910
18630
15796
7144
19936
11210
17677
288
18353
548
10349
8319
18632
14304
9701
20543
15572
11804
10670
8491
4597
8937
7289
19721
15820
11634
19310
16410
1687
10011
19671
20180
17577
21769
20364
10655
18315
9288
7789
11080
17441
2360
19545
20997
1626
13005
266
260
4678
14093
15993
2928
6172
15313
12946
10172
7547
7571
15122
15370
15425
7655
20170
6907
18836
21731
11280
7110
16872
1049
3999
18183
460
2823
12949
3464
20680
711
7885
16746
10364
13319
17692
18752
2666
98
17740
3445
3989
14263
18255
13176
6845
18226
8160
1681
9244
9254
9700
13291
21575
16376
14619
14958
21052
8916
21036
17291
15310
15603
7611
2581
14306
16593
16182
2407
12550
3610
8022
14380
1073
5768
857
18357
7497
800
6483
10700
20352
11109
5680
254
18764
16000
18016
19236
10685
21401
14267
6139
9034
17265
12589
3371
18381
12493
4973
21648
3818
10715
7255
2425
13156
446
17703
19057
5665
18132
3865
3784
19650
9835
21424
5711
14743
21864
14694
11543
14006
20385
18449
19628
18499
4171
21163
4114
642
14794
3731
20310
18829
16508
9385
3995
2802
15642
7699
17203
12527
14625
17893
16647
18999
4836
11159
2980
4239
2262
18145
12092
14058
18628
9005
5391
5522
6769
16525
5390
6971
13703
3085
4997
12227
12892
3690
12940
5049
14067
12481
2224
9728
1329
1564
17200
15510
21875
985
17122
166
2607
13765
1157
8273
17956
14351
8694
8104
5032
6133
10321
12462
12887
7601
3513
9961
10327
5829
6487
15755
7390
3983
21631
15722
6269
21065
19090
8692
10298
12266
7183
7892
12577
650
5425
3655
10441
17576
1040
898
7600
502
84
17296
8177
16893
12927
11458
10028
1093
15002
11846
11309
16419
15596
11771
10074
2125
11594
15286
6347
7396
112
8826
18527
7208
9920
6051
19193
13946
20054
14935
472
19932
10435
12553
10615
2757
5972
6717
9692
7139
7112
12734
8928
19956
14682
5651
9819
12701
17794
2797
19443
13205
8089
17581
22
6319
1318
17062
5349
4645
10307
19944
16934
18887
13766
9476
12680
6688
13452
19151
18174
20878
457
15684
2706
5721
18329
19902
4335
20526
17154
17256
1867
14317
2938
6932
19988
6779
12999
13687
5921
21017
174
15354
8198
1523
2913
14528
4815
9472
14552
3013
18040
320
21421
19605
11143
11347
16373
9253
12991
7321
865
17663
5749
14362
21105
18340
8612
19817
10366
5563
21497
7686
21722
17115
4376
1446
216
19234
3486
20760
6129
14930
16659
18833
1248
6612
17316
18117
17751
408
4916
16288
20813
13732
7399
19516
20627
18447
2766
12301
10520
16694
7653
20695
4473
20732
21587
16037
4268
15766
8262
15655
5973
4222
2375
16888
19818
6835
12423
15523
8122
7852
14639
16286
2300
9814
14279
6893
18013
19444
7097
11733
9534
17012
2930
20381
9199
11973
9048
2372
12490
15263
10387
17968
1787
13649
9078
9973
5543
1006
18905
19184
9354
4174
10794
3484
6161
6394
8743
9658
2150
13087
7490
17874
164
6069
11995
3798
18747
11169
9275
17922
12615
9304
8391
17234
3956
4674
16955
14983
18042
17355
8689
17859
11406
10089
3669
1294
18393
7674
10857
6117
7311
12950
16471
19887
6205
15673
6909
1431
6323
13140
5389
3396
14502
18689
2491
6188
4489
7316
19621
3799
1069
7284
184
5126
14206
17470
2807
21520
6792
9489
7235
15764
7909
1569
9293
104
12530
18243
17806
16236
9140
19433
1247
14978
9590
21799
11375
4792
12453
1474
6557
7825
21502
2313
12803
10348
15294
16468
20238
14788
942
8385
1201
5030
7381
2312
1597
10290
10750
13065
17887
10425
9539
7764
986
4087
20851
13135
9149
6531
18318
625
10493
19878
3736
9929
17008
9599
20808
21859
10231
4507
1067
14143
16940
8710
2981
8905
4834
603
9533
543
9860
4867
5082
5894
16995
1013
19991
17481
16310
15630
12774
2993
2616
5512
15514
9131
13858
16014
13561
7094
20129
5202
2217
18985
11396
14292
7307
17888
12249
12395
16324
19863
9815
14408
14179
1328
4260
6979
1498
9854
20663
3901
9748
21122
5699
15900
2165
8448
10289
18120
19935
10182
9633
20844
14137
18309
4358
7658
1354
17158
3505
1413
17541
5906
9134
95
128
7354
11427
2853
8734
6221
19412
4771
14471
14543
6801
9725
21651
9019
12839
4438
13100
6348
10469
4294
2176
17565
9145
7816
19250
4233
12098
4974
16377
8211
15276
8146
10791
5348
20303
10919
20036
16737
12224
5183
9685
7543
17540
18408
20100
9494
786
11487
2058
13274
15049
9194
6023
19350
17417
5747
17391
18961
16122
8956
8387
11918
8324
10020
1732
45
16086
4068
7504
966
14441
140
17636
9446
20201
18619
11466
13863
1834
19799
5885
16450
7732
9097
8154
2204
5399
37
5191
4105
20585
15393
18054
3167
2610
3508
16091
5742
2410
20939
12929
7441
1885
295
5351
2239
4014
10971
6593
10098
1257
14518
12560
10727
12289
4436
2488
15429
6727
15082
19689
4522
11212
4675
7277
21786
11854
20715
17073
1713
2445
9980
3455
21301
21387
3492
10822
20462
15948
18394
10801
21196
5769
10859
16401
17247
7716
11342
21670
4559
19641
15041
8775
16810
11861
18795
11675
9618
20703
1175
5557
615
18886
11459
20604
16900
7619
2971
5488
2110
11491
1115
2496
10527
17638
3680
6037
17399
7979
20091
1376
17026
10242
17613
6128
19065
4557
3059
12804
1507
7548
13945
19559
13901
18034
14556
14567
20299
13208
1207
1265
16189
20467
20162
5471
19954
7258
19910
16096
20141
9272
16516
186
5638
8936
20574
21073
20245
14820
10260
5792
16684
14792
1831
12844
18677
2506
5311
16231
20063
16453
8673
9114
108
5362
8466
15675
14612
11303
15488
862
21775
8636
11751
9318
11523
4219
17032
6145
11735
7722
17444
19875
18673
5796
19183
17453
14322
245
16588
19033
14704
18739
6022
11845
5593
19302
13589
11018
19801
13713
10683
13684
6541
15392
9669
2334
4451
18108
11024
881
11777
6369
4989
19833
11188
6619
19245
11064
20753
17171
13185
79
10955
21171
14923
2412
16753
725
12846
2742
15411
2306
8922
9662
13882
10168
3221
15439
14439
6959
11746
19099
14256
18413
7735
774
19041
10709
14598
9610
9717
2831
8105
10010
4946
8041
17885
15460
13231
7026
3
12264
21268
8805
1868
12403
17407
20840
2050
6456
1942
1622
14849
5286
10996
12706
3125
10780
8665
6667
3475
2934
20910
6591
5487
6249
10543
3027
5134
5104
19532
1037
7296
7030
9250
14653
9283
12243
17288
5470
19855
1057
1671
13600
21446
2879
6447
11384
14004
15992
3063
15535
6435
14605
2584
11632
20152
4392
12471
14055
6215
2419
19822
4427
10421
12432
17139
2624
15600
9277
13809
16845
3973
18857
6755
6118
15395
8865
6309
16777
20423
11951
15324
3188
17603
16792
16981
1287
8136
10272
13569
1144
5022
15982
20401
6681
2107
10097
19293
20128
10181
21688
8371
1904
3262
93
19912
11066
7006
10384
13754
5006
19762
12169
18714
10341
21877
13253
3651
15726
5834
574
20734
19651
190
15703
4244
15186
4464
20573
16322
2295
4959
3716
5127
9438
11847
5567
4954
905
8597
17753
8739
21959
1267
19061
11253
10600
8618
1214
5452
20226
3586
11191
9522
12115
3200
8144
3868
17100
4561
1495
20655
14401
11310
12371
6661
2696
8012
8918
18086
8660
631
20675
4143
1490
21462
3796
16303
14365
1379
13741
7440
13594
19265
14007
4313
12037
9529
12565
4183
6892
11189
10405
2249
12187
12766
8953
1829
5982
1011
6046
19674
14563
14132
13566
2455
10976
17955
14937
16225
21676
13437
12009
20728
19686
7397
10962
13984
16181
20613
11855
19403
3822
297
16421
2022
21478
10328
21197
1547
10030
6850
11580
16196
4417
3297
5203
5396
7322
4285
2389
8246
16778
10816
11558
18735
2661
9087
243
11597
21066
15341
15064
4293
3932
10589
4903
15075
5515
11813
46
18251
9668
2281
21810
13557
12255
19449
18461
13260
2925
20648
15137
12807
12660
9638
11536
3645
16070
14090
67
17948
12566
2143
16898
17423
9597
19144
21706
14678
13966
12108
12086
1212
8870
20116
342
5961
569
9503
20156
19133
16578
16133
1081
4612
17142
15848
5486
19765
18648
2397
8330
13704
13489
3724
3332
18021
17282
10975
8076
6080
5116
16977
5026
14360
17606
18130
14860
16896
7899
1308
10080
2854
9648
17639
7967
7025
7509
2929
5554
15757
4810
3150
17375
4649
2611
18068
13647
5528
11129
2865
7095
10234
2955
7788
3659
882
12016
19012
4935
17553
4042
3139
11578
20475
6406
17536
18538
14175
14910
8297
15000
6898
9967
19188
16349
7013
2123
2343
21796
11815
19010
16487
16118
16612
21078
13690
14867
7385
19779
15823
5797
10282
12520
21610
13074
1856
10058
4026
16759
15017
366
10530
10053
2672
14663
14832
5912
7941
6902
4478
17906
17013
10085
4589
9719
7635
10648
20354
4066
18528
21655
21438
4033
3627
21804
65
17498
8351
11272
9447
1805
16809
12540
13331
13867
17725
4407
18863
10352
20505
11789
7193
15556
17199
17209
14187
954
7795
19716
6851
4030
7171
4860
17339
19675
21514
16463
3218
2203
21466
19566
15869
13167
3118
3639
13868
6758
4270
12858
10005
15121
7782
9331
13511
1548
17672
2509
17113
15134
1648
192
12463
16270
21491
2839
20200
12269
3719
21068
21463
5666
10686
13987
8963
2170
988
12658
12836
21111
7314
1301
5757
3961
19724
4784
12323
655
19062
7581
4788
16153
14457
10945
1682
17125
7219
14607
8356
2580
1993
20232
5179
3587
4218
2549
20012
6796
13681
8903
1252
5320
20508
15852
1827
4261
9025
4374
3217
13436
15666
1876
3593
10610
16232
15155
10021
17592
9486
18662
5759
6561
1180
19429
5690
3777
19987
7233
17578
17119
21749
6040
21612
15645
12571
16309
7046
10099
13403
12063
15862
4664
14995
17376
13483
14657
19699
18028
20184
11967
13953
4117
7107
3047
6647
1336
2826
10134
11373
14710
955
19365
6005
344
7715
4567
11104
12372
3349
19835
20496
1932
9384
2559
13064
9307
1636
17370
16169
990
13723
5103
5940
5641
13356
17511
14193
1772
8222
3582
2756
5274
9202
16285
8856
17709
13380
9123
7612
11363
21542
3591
5574
240
15844
4688
10663
17776
4642
8866
3045
15482
20179
11773
10459
11697
21001
19980
6286
21094
8242
18411
15059
13305
2398
14527
13722
18106
20249
1811
15752
7911
11805
14841
17525
4510
14378
788
2424
19075
5891
5109
10379
10123
15070
19020
4275
1870
15963
2536
5863
21900
1603
20084
14375
7534
10987
5338
13899
6250
14173
8862
21330
21843
3863
5477
18428
15401
8292
11764
19207
11905
16098
3340
19335
10854
1872
1559
5167
1018
18267
5008
20289
19866
1409
15449
12365
17104
13406
6603
17555
188
9664
11429
2348
21689
17385
5850
4178
12736
5298
16407
20111
6657
2133
6543
433
6358
5493
19243
19127
19684
12757
943
21582
979
6836
3540
20632
10017
2989
14364
18194
5548
3368
8549
12832
5313
7099
5353
13755
20792
1045
7060
19989
16222
10979
17605
11912
6514
5887
5297
12788
20628
6725
2961
3335
13862
6928
15067
7039
7642
6587
11481
15592
7981
16013
11711
820
14626
5293
16254
7251
11404
21207
2363
21425
5254
16292
6675
9932
8333
21084
21128
13885
12048
5938
16147
18968
17786
18450
1302
2815
15644
876
7239
9166
1305
4497
4212
10209
9270
9351
21347
10692
4943
14313
21429
5188
5315
10581
15490
20438
3696
13325
18731
19618
866
18823
5565
10591
948
13683
10678
7206
6303
17229
8456
2597
18932
15789
20821
16807
3233
1422
7524
13999
19030
21311
5233
6997
19455
7194
13410
12561
17803
3797
16002
12683
1962
20757
8454
6352
20694
2430
11065
20965
16561
13057
2056
16818
17875
1132
170
13834
12257
4965
4738
8877
849
14760
1138
14368
2451
4558
14908
20562
10445
2046
9322
11501
19561
18770
13801
20716
1812
8307
5440
12699
888
21930
1182
15267
20884
16305
21169
6425
18335
9712
3411
8147
3265
17998
8908
6839
21323
19257
12795
15719
7525
16744
3661
4880
1181
11156
2962
7442
7115
19159
6189
3372
5520
20254
16206
7654
11772
916
3375
8029
10961
11349
9978
6927
13957
3389
17117
21870
5480
15218
13365
9433
16860
14372
20674
18336
3595
3766
12574
17837
5110
3033
11899
13570
2741
6382
8804
7240
8777
18020
13369
19969
17813
17063
12964
8600
10932
6304
7963
6883
6223
11673
822
6878
14188
8264
15691
8642
2085
19431
13168
19746
14740
18159
14861
13595
18430
17505
1410
9892
18133
8620
9484
20055
1836
6991
9868
3562
20575
5633
18098
17896
1216
8555
12225
20231
18007
12746
14972
18216
5451
21016
13881
1149
4582
8676
9426
8655
5616
6948
2508
16047
10109
20891
11479
4762
15228
15797
13172
16627
10457
18162
19625
201
8000
2045
11897
6664
4435
19009
4001
20131
19141
9481
21259
10381
991
16445
11939
17224
17103
731
15051
12017
20300
10704
20671
7486
18141
20774
2447
1869
6457
16019
8427
676
14170
7633
11975
13499
14805
16591
17421
18352
20916
13725
13993
15074
21220
12531
3747
1176
17860
15387
10256
4802
17619
256
21340
5037
9251
1289
3365
20319
7860
18568
1585
20366
10015
4610
6192
18726
9702
8590
17509
9899
21595
17
17661
12267
20356
7487
20459
13697
20688
20733
10
10768
17183
5310
21947
18256
12741
13221
18597
12379
14171
11683
5276
11440
17006
4075
10154
9863
16658
17196
19565
4555
1234
7111
3296
9324
4875
2178
19018
20913
4596
3580
13184
8452
14584
11818
13929
8483
19670
6697
16992
14641
16773
6458
8106
12011
4716
9781
18775
15677
12967
19789
12859
9955
10922
9144
14590
6856
6614
13736
3117
10917
504
1840
21828
20976
7641
14948
8152
844
7147
8931
13619
21428
14238
211
7052
10821
11323
6901
17932
2415
3247
16962
18390
1341
1428
10573
7014
13216
6299
17669
16180
12951
4543
3088
16601
12482
21173
1760
2997
2888
21739
12303
17431
12045
6471
448
7305
2367
13853
12248
6749
5139
15763
6050
11447
17430
20758
4685
11636
21545
6026
3915
16587
367
11590
20737
1204
6814
756
16090
9040
17627
8580
4334
8226
13506
18540
241
21334
17680
3879
5209
10402
8565
9402
19448
6705
10111
12830
54
728
14311
970
17156
13164
16405
16281
16619
16617
4280
20727
3880
2880
20823
13539
17347
3202
21369
14537
3084
341
14033
5542
16300
17217
19246
9979
4483
3355
6736
21082
14589
17679
6588
10518
21617
21899
18944
20678
21593
9271
12246
14939
12094
4057
6659
13604
9762
497
16656
3755
10300
9296
18113
2900
5975
15680
21761
15922
20029
19382
1325
4395
4429
17205
9890
20633
5299
3809
15897
4323
2711
3014
13386
15148
9651
16628
18203
12352
15414
7812
9823
16386
1615
12260
14785
17700
21871
14248
11011
2976
2786
18537
5089
17964
629
13720
21632
18571
18773
1999
13542
9035
16816
13916
17118
21802
16729
21062
8342
16092
12704
11376
8050
14695
21228
2428
19071
8339
12939
832
19602
10267
5457
15702
10216
6180
18195
5409
1667
8898
3009
2236
20033
8948
9180
9390
13503
6326
5142
13039
19208
2192
7279
12755
18496
20645
14998
15117
15798
19379
5113
20535
4691
7129
5220
12554
5873
1975
6958
12451
11038
3086
13573
20268
18617
18583
19763
7666
9829
14713
9386
6884
7506
14808
2941
12802
20335
10331
5555
20816
5219
20499
15045
17560
7090
697
13422
3927
18550
19410
8537
5963
18186
17561
11488
21960
15071
1808
15620
20925
19714
6665
17572
6375
4235
21101
19862
12617
16045
10075
21138
8416
2755
19288
21460
13789
3012
15465
2475
10107
18197
21527
4733
2307
16716
4039
10337
10653
628
8574
752
5205
9876
1935
14697
2345
16842
230
14440
13458
2009
6624
20328
19334
19229
3002
19539
6342
15958
18576
21709
7945
20387
10023
973
8714
6960
8881
7184
4200
2956
14203
15391
19828
15143
16846
2400
2158
12779
15175
10532
7918
12847
6811
13042
5176
19924
5247
17436
1973
20013
14826
9124
12870
16723
5544
17331
3873
6812
21841
13973
9905
12928
7088
4236
13079
12648
13500
20077
12917
7532
5235
387
20843
5596
3756
4571
2301
8733
3279
962
21156
12664
5915
15815
9925
11621
7369
21333
10400
17191
12309
13371
12969
19820
4303
15406
5628
20883
18672
12313
2226
19783
8768
384
5074
5846
15892
21500
13738
11825
17389
16494
1029
3849
17087
21374
18797
17562
20476
13586
18824
4048
9574
14344
17571
15720
296
9951
14873
12480
1892
5444
17364
12256
3242
10500
12433
18111
16937
6168
10143
1278
20420
21162
619
475
10179
8732
10998
20778
20492
18153
4751
17168
2355
19831
5121
14690
5497
11961
13279
8185
4481
1536
6170
1735
19907
20966
4133
9837
10999
5988
4883
487
3704
10661
19107
21341
8997
10199
2530
2552
9340
20786
6199
14649
3900
17466
10644
13827
12133
227
709
21027
4181
2042
13949
4984
21538
9771
3206
2861
13839
16702
2454
17609
15356
6529
6082
13578
549
12948
17068
9187
20988
17351
21599
11091
21772
4897
4037
10092
8810
18229
14295
11117
20568
10243
18946
13236
21092
16241
16330
19128
13846
19181
5944
4632
7838
20948
2613
9907
18214
4135
7602
4123
8260
8971
12271
17447
20857
481
16613
11724
19879
7584
11306
21244
16157
9805
111
14618
21413
13215
3081
14003
18667
5225
7270
13482
4531
671
6552
4011
9183
10294
14391
4577
16302
3805
16139
2297
4302
9376
11510
13850
10269
19757
21102
3491
18708
6059
15583
15231
20095
15534
18289
2514
6231
1463
19080
17318
20603
6444
9292
14316
12096
13563
6507
3929
13055
5417
1202
18951
13701
158
8053
4412
2303
14953
842
18045
10910
19593
15905
20266
11507
9886
1009
10237
20121
10711
3361
5639
19520
17131
10451
509
11247
18585
5468
17593
3681
8257
21555
20555
4970
8672
13639
17236
8828
15125
17254
7386
4453
8818
14866
17317
13750
4263
14501
4833
5573
14759
6515
19241
7551
4533
16108
17662
1952
21279
4008
4286
5866
2463
17482
15336
7444
17280
11620
8407
6242
19461
3074
10090
15330
764
12508
20024
8134
8545
19104
3295
20563
6349
21014
6281
11893
11416
20279
19476
17299
4594
11769
10139
2195
19267
18455
8825
9422
13349
14333
12405
8842
7420
20672
1332
5751
3124
680
17381
16719
398
15530
527
5878
18221
14778
15986
14142
3278
19643
11877
1014
9233
5378
7121
21703
20277
11039
9830
19025
3298
13106
17547
1635
20239
18386
19597
5098
5269
12693
4626
14174
4625
9561
13939
10760
4129
8490
16829
17343
4005
4259
4289
20309
4785
7954
12828
11549
4998
2047
20845
19173
2413
16791
11717
21160
16001
7549
7452
3936
3636
18285
1686
9878
21892
597
2080
5256
9330
12657
11895
2097
7499
16028
10754
5042
4677
19486
8959
2855
1237
14330
11714
7050
1655
1469
20502
21473
4527
1230
20119
2485
2599
19103
463
1056
16717
19212
7264
21935
10901
15775
3246
11684
14570
1987
8276
3735
806
17231
103
21364
5252
3304
5064
12937
1194
12073
14810
19606
7298
15732
13474
18981
10278
12083
4607
5482
3711
8632
927
18805
15772
5657
19001
1887
12145
20339
4583
19766
7820
13187
14286
11726
18791
14956
1911
209
16565
19259
9255
8633
3642
7428
21949
13730
7596
980
10914
13495
12388
1167
18462
3557
856
14485
21337
4513
900
4072
5267
4185
1824
20083
261
14236
17409
1573
20348
18634
17177
17188
8223
3302
1359
20978
2112
19166
12272
1835
13315
20236
13575
8234
21523
10695
19130
16849
21452
859
13181
11110
14433
12707
333
154
12499
16548
16044
693
19504
14192
714
20799
1652
7142
14779
21125
13921
10167
16646
20191
17042
20464
20825
1579
8630
2404
21363
20973
14172
14862
13103
17264
4552
2778
15054
8117
19343
12262
20879
15751
10657
264
10228
8933
3670
2406
1927
9652
9258
8912
19386
9548
1260
9690
21270
2674
18402
934
17637
4764
8790
4083
18024
20047
20465
14553
12871
15161
18707
4540
12029
16257
20454
13402
13446
13678
16140
15734
6264
2120
11423
7109
4526
17021
20552
2091
3850
5798
13351
910
19552
18215
6750
20495
15109
4284
1516
19931
8283
1108
12157
21640
10557
21179
18236
3964
5654
6521
18008
1163
6256
20470
16799
4575
11224
8982
21908
3499
15353
18473
13450
17513
5869
7447
12170
8832
15110
11178
17828
7437
13928
9679
10412
7199
2441
7218
17502
2394
3504
11924
18681
12840
15066
7389
4100
9279
13116
11070
9245
17969
18440
7656
21110
12131
13645
443
2139
7939
16370
12435
1076
14198
10344
12958
6582
16455
3570
14545
19458
17918
16041
6268
11568
13348
19109
6496
13869
4945
3893
3282
15101
5199
10088
16406
11102
17702
5476
18702
6896
19510
18124
442
6600
4746
21202
20329
4851
7412
16687
11202
20659
20447
1656
720
6955
19422
13310
18564
17089
12336
8514
11218
197
15886
10675
19385
15281
4305
5424
17361
17129
20835
4479
4262
19023
6079
19648
14
6157
21356
1680
2596
1773
7181
7935
12165
16492
14813
9887
21213
13621
18896
5165
16522
19892
13166
11351
17243
7089
12437
6949
16263
3382
5502
3975
7922
21040
8779
9991
5643
21635
13280
13564
11496
7250
17400
19962
14041
3079
73
963
20409
5649
2278
5591
20826
276
14901
7405
15344
15710
7153
4364
6241
2557
13395
17867
790
13874
12001
18724
18605
3091
20682
4952
12283
8405
4281
10361
19577
1159
1195
19038
12199
4154
17266
20155
18451
17749
20211
10492
20288
21227
21472
3019
10970
21730
1269
4086
19506
21250
6597
21585
9213
3760
2935
12230
4363
11025
20861
14089
19928
15965
8944
12058
7432
11256
16951
15300
7803
21868
13640
13811
18230
1660
10437
9103
17169
21021
6528
9104
1434
17845
7152
16308
18732
2487
12770
6843
3676
7087
2071
11355
5647
7491
20004
20787
7528
20922
20626
9226
6088
6945
15284
18333
3523
15247
3070
18382
9320
4613
7362
2093
1727
984
14096
15264
1948
20242
7768
5292
16832
20847
760
15487
21829
854
9678
10641
20894
1510
6638
17880
10823
8713
1001
20493
8169
18063
3452
3226
2209
16433
16441
13266
1896
13948
2547
454
20437
14128
1795
5903
20709
12168
7496
8528
17861
16374
12639
15924
11252
12611
10950
9066
687
15197
13780
7754
3329
17772
9378
19491
163
3509
21936
1623
11780
3193
1323
15623
11394
20048
14854
11250
16343
3984
21889
7809
13783
18666
3321
3951
324
14337
8663
16188
9240
972
11993
2016
20371
10880
7960
14438
12782
21275
14687
19756
1297
8787
2177
14614
206
2687
18658
12406
5546
17406
3723
17787
6187
21159
2950
8481
9557
18604
13843
6454
20178
18173
18407
12476
7678
5213
21565
3394
1385
15088
12842
6977
9327
9475
15469
904
16837
14840
21
277
12743
15659
3732
1220
4662
2770
18104
4156
9372
11664
15966
9252
17398
15811
15554
2219
20931
10707
18154
18345
14547
4661
7395
15714
7615
10055
6740
11478
19540
519
18676
19048
8880
18181
2269
21837
2527
12504
20665
10340
13051
15916
8052
1604
10489
6490
6147
7031
13705
20415
19738
5226
15192
4393
13420
18598
11653
11790
17340
6976
997
3565
3830
907
6990
1995
11328
1491
1716
1676
19371
12618
1594
14085
19523
6099
20341
9190
12562
10721
16479
11960
15824
4234
18693
4370
6001
15669
8523
9616
4210
5656
12911
10916
15617
8034
1796
21844
21571
3518
4357
16077
12412
16831
2245
15837
16006
13066
836
4238
18762
7008
16199
16089
17543
10496
12327
8455
4109
13824
15251
5222
488
10889
523
1112
21862
9970
14696
21377
21060
21400
20035
17697
5736
8958
19845
11826
4480
18032
10137
9454
16055
13270
18416
8561
10559
21576
6674
15701
17356
19240
740
8646
781
1416
20639
11286
19308
4230
13726
1646
4593
17930
9593
1369
13267
6432
21792
11209
6055
10915
15309
6167
16768
17143
21280
17239
17829
7073
17305
18581
9883
13008
14257
10486
9020
1063
14532
17201
8225
11784
7904
1554
21605
18050
20979
11966
13995
21115
691
18800
16693
9802
17645
7862
11964
3257
6261
5186
645
19541
5801
3497
21028
6540
3758
19560
5263
10562
16156
7866
18552
10747
2144
19024
15945
21609
9987
21103
17078
9995
11718
14129
4749
16776
10277
21524
1407
8411
14887
15496
20616
19155
21006
18423
15893
18338
11470
1532
12007
11499
1755
4601
18889
10149
16636
1270
7516
1381
10084
809
10354
13994
9792
11482
13888
18269
19496
11930
6041
21435
13680
10396
15902
10073
14122
12968
2205
16731
7996
15981
21008
55
2135
19769
15747
1914
1107
8811
3556
1736
13085
6879
5014
12042
14060
12879
5691
6803
20789
8289
9611
10595
726
14729
12798
13206
17064
13802
6365
19376
10679
10330
267
17483
3444
10948
7683
21470
20684
12763
2443
11657
20042
8627
14836
19842
11422
327
15188
5623
21018
15187
13012
7168
20957
5752
13341
2468
17856
14472
9871
1461
12709
15060
13556
18844
21580
12587
20479
6155
11885
300
4061
3794
15974
13709
11914
12760
20219
8266
20365
3908
17206
6132
17769
13251
16216
6251
9885
8904
12384
19973
21167
21950
11903
11244
3619
330
10475
3815
20485
14669
846
12833
7186
10637
11464
10795
8631
1513
16315
2515
7714
13200
16456
13292
19770
7992
21914
5067
4763
1691
11878
5806
13465
5201
6860
8751
15906
9174
2601
18238
16555
10497
14731
9946
15225
12237
13485
20065
7155
13744
11624
9893
6643
21693
9916
16243
8693
21774
2498
2434
20522
10285
11304
11254
11402
9007
9328
9009
4930
14797
10338
379
86
9032
7341
17338
2340
17463
15331
552
16624
18155
5832
20243
3598
21067
8938
17987
8119
13491
6773
4095
19678
15194
10170
16262
16158
16519
13892
10871
12270
9312
18918
7016
7817
5321
7465
15376
3501
9977
20160
16583
5985
16438
8148
15436
10291
10507
19978
4894
8725
18280
15426
8442
7876
17628
6351
329
6830
8215
12533
6121
1712
7268
17800
9146
14611
7286
3647
1061
11219
6239
1423
14232
17084
11963
3406
9543
10013
21845
5412
11532
338
2179
9849
2860
9482
21200
8287
3062
21715
19785
17701
18304
5465
10536
12085
20396
21182
14714
9355
21948
10790
13902
14429
2495
9516
1730
15014
20441
10222
19548
11095
4701
2974
2682
654
17484
17777
13049
12097
14100
17538
16207
12292
18524
13254
14802
4929
7503
937
11755
17695
1033
9617
11463
3698
11997
965
9667
19231
11520
7259
5992
21654
957
21682
6143
11608
5837
20536
14488
10887
4432
1908
13044
21254
16873
12646
7536
13842
17755
15817
10576
5679
8219
5682
14631
13516
16690
5309
7665
18196
6553
4976
18855
1405
7546
18699
5031
6461
15365
12144
1096
5492
18212
2693
3068
10087
3548
18569
20831
13638
12581
7850
8255
15108
1621
10698
5722
9845
6115
3472
11020
5406
6723
6809
2528
1131
17077
3155
835
18825
7648
21343
12268
10674
13531
6570
11387
16965
19683
18062
18081
13872
9470
2603
3205
5930
11138
1353
19704
14255
794
5939
2464
17915
7069
5155
10886
13027
7290
7706
6377
14755
627
1438
8840
9809
2337
7805
14397
15914
9291
12211
5052
11386
2582
58
4023
4007
15151
16789
20597
4745
17259
16135
4541
13675
18009
21183
8178
15198
18923
10508
15746
5852
12338
9683
5929
12251
2433
5432
2065
12290
4885
17260
12973
18508
15338
21866
8174
15835
171
6340
16539
20195
6655
12801
16354
1556
1535
15352
4216
16974
11329
17440
16166
6934
4015
14505
3077
8656
17733
13567
14799
5266
7701
20010
7017
5368
437
18947
7629
5304
3448
195
9737
8721
17277
18746
11894
6077
16248
4351
1346
16754
11618
19881
5108
2637
14865
12190
699
15173
137
6703
16388
6462
19616
20622
12729
10041
8659
14911
15973
259
8984
21649
17939
21407
18157
16712
13438
12740
4787
20691
13248
9540
7379
8236
4551
9490
6722
2122
7022
5169
19017
14889
20136
9776
17945
6294
19572
3128
21937
5359
7650
15463
7078
8731
17145
6169
20298
12810
17273
12597
744
6300
20161
6672
3529
7162
6863
9681
7273
9580
3667
8459
4088
1403
9517
7886
4170
11289
19378
16143
5575
12580
1224
6626
15111
9528
19438
5236
19958
9783
4221
11505
16049
182
11901
9756
14050
10544
20224
11284
13812
4729
17241
9673
6116
19525
3142
5106
6919
21510
4651
12479
5570
2132
20205
2048
12195
2361
8651
16264
19917
13526
3225
1450
5606
13519
18801
9407
15142
12594
19054
10982
4231
3851
9567
225
18306
9216
16660
13262
7104
14895
16941
2657
17190
3422
6111
3765
19513
4628
3688
18344
17457
5138
1599
12302
12321
12702
9024
18090
6330
17367
5808
15828
21004
311
203
6808
17445
101
6882
10417
3860
4871
15257
4176
5241
15141
9549
3844
8328
486
14176
9603
21768
11336
1233
1487
17768
2371
18892
8820
5842
1874
13040
21348
18652
6029
16127
3317
19161
8576
4692
13304
19990
2011
15202
5058
18337
7269
5474
1102
9341
15458
6609
12717
12947
8428
8568
875
869
19465
1203
3572
18533
8281
15193
17455
863
17947
15454
3674
17599
15616
10461
6881
762
4371
14853
15829
843
19679
1016
11480
14210
4817
3030
15724
2322
9513
136
10404
5133
9556
14497
14500
11041
9411
17035
11617
15413
7819
7645
11709
1334
15670
19152
4710
10824
11690
180
15210
12335
3243
14946
15799
16877
10820
5077
2912
13583
8039
4683
6134
15126
13084
17782
4982
13375
12473
15959
15255
8027
13148
8271
20592
3010
4668
492
8607
8793
7453
3720
1839
2497
13477
9906
14031
9151
1327
13983
11228
14659
21586
12077
9106
19882
3301
18827
9563
10141
14848
20034
4029
4676
18865
20977
15876
1378
12712
7700
20593
16235
4794
4936
17066
19230
20145
12445
15448
9833
9325
4545
3545
7043
8747
10586
19667
6985
12513
2618
14034
15475
1711
14828
5387
3346
8892
13826
16903
17261
21840
4180
18250
21010
3423
16063
13922
4590
11052
18756
16655
4765
10617
9733
1046
20901
1877
18919
1923
11986
20874
14536
20124
18817
16314
19921
13405
7371
5538
7326
17429
19816
7098
6872
4437
6278
21350
11907
4938
456
10345
19578
5763
12511
21787
4084
18888
20927
4223
4818
11898
8505
15491
18815
5323
6689
16489
17550
7606
2832
4249
8451
2843
3351
20135
1967
5720
15783
4495
10521
21887
3689
4515
16864
16304
7083
4658
20382
19298
11570
1453
303
1830
9477
7767
9990
20175
2727
7220
10016
21258
12823
12708
15253
16062
8757
6344
13599
12171
8598
17468
12838
4264
20770
11783
18789
3463
1348
11485
14883
21832
572
15157
10664
10782
1154
12797
10875
15408
11339
2173
2723
1044
8298
12409
4503
2238
17495
21779
20258
15485
1105
21574
730
17644
17187
15887
5491
652
20032
12888
14965
19182
17474
4670
15091
12576
1929
13301
9075
3203
18555
7433
3024
16956
12039
6690
8338
21321
15097
1231
10682
8462
21625
15106
8373
4076
7970
9901
15385
3418
12389
12954
21493
9425
16491
13025
5388
16880
9406
5945
3470
9084
9400
6768
19867
5458
1515
1186
5632
6102
17933
7777
18848
13932
20182
18983
19784
8433
19195
13544
20764
751
9727
675
21267
17159
9461
21880
14240
2664
4889
15038
21594
1534
2138
7598
12373
14989
15753
8791
14693
9168
803
6455
12684
21049
838
4953
16520
2952
11356
18504
13710
11322
2057
18578
1618
5175
18806
16460
19748
8786
2198
20275
17931
8175
9640
12569
19753
7044
4319
20107
5726
8381
8782
20049
9016
470
1291
7952
21767
19177
5174
15804
15346
9138
11424
10136
19526
19432
4149
17219
3066
7845
6472
15467
9913
8126
19223
11585
7301
14524
15957
8573
36
15573
3161
10783
16918
11042
11292
10284
17878
5614
4926
4194
7480
16311
2128
9720
8360
11734
18409
14119
13295
3280
20935
2025
15998
10763
4579
6774
4636
10226
12901
17535
11299
11257
4150
3032
9179
17963
14114
12209
19872
2520
13942
19693
1360
1344
1054
2089
3919
14334
19197
13165
7959
17185
5130
6418
5976
6802
10994
15519
18733
17446
13612
21239
15812
20449
12391
2292
3753
3489
337
3625
10411
13022
2196
8044
2211
5018
6004
14106
5151
5636
1449
11503
18219
11163
1338
9143
15476
19113
18260
15474
17292
13340
4887
9922
9910
593
6320
14280
11245
2310
555
11088
11972
17181
18259
11405
1317
4653
11079
18590
15867
13702
13404
9591
2044
18663
15307
8774
13660
19251
20993
10873
5882
6733
18277
5382
20933
19154
19087
20230
12299
18389
17148
17336
12769
15707
16556
6546
20731
15271
14541
3162
2197
16650
19943
518
14638
8037
18354
1593
3108
15843
20261
975
21732
16720
18692
2291
13673
14207
3623
19860
17433
21242
7769
13470
10730
14383
12152
16398
5819
1941
5572
19381
8957
15292
20601
2115
12857
18479
11450
18263
9105
15124
16604
9825
370
13434
12318
10385
15062
12286
15632
12752
17067
18650
5746
2988
7980
3836
21117
678
5046
2019
20900
15912
9826
7778
559
11002
17022
4163
3160
5674
16273
1546
20529
12596
3319
6599
13757
10513
13320
4166
18920
5646
7477
5056
1055
2067
17633
2743
20870
11267
12498
12238
18697
1933
21384
15874
17025
6542
7856
10570
3788
20576
17583
4120
812
608
14772
18709
7327
18266
12065
13494
2101
8205
5847
11013
4307
20073
21020
7178
11737
10755
15209
5043
12710
439
3977
5137
8151
14561
11628
14993
11660
21925
7977
6728
51
21215
10565
4248
21351
7288
13910
4330
20098
8771
10325
5195
8711
9098
3035
15185
3537
9039
13975
15046
17503
18599
1866
20337
11368
18387
17342
6583
16722
14449
8670
10853
7989
59
9478
20690
8018
20615
15996
18694
14275
13718
19180
5739
13672
21095
11477
4383
17176
6197
13076
7541
1792
17095
620
9306
10650
16301
1365
11886
15347
4460
6078
12139
18087
2364
21564
6372
6660
7244
6184
19055
976
5645
15158
14529
21194
17107
13794
9755
20804
20301
17223
3151
157
8546
11183
2031
5971
21044
16770
11999
1307
7334
665
1610
1595
2890
19174
17864
780
6021
20053
16855
2645
2991
10049
6154
5827
18246
585
13667
18850
698
13142
6608
12293
4913
13795
13913
21104
9450
202
3641
14882
7009
5784
15593
18937
403
1100
9065
21534
13459
18210
17106
9936
8013
14230
4852
6578
3946
599
19445
12252
858
17681
11866
21088
21113
14837
13098
11215
8917
14139
7473
818
2271
11962
17705
10855
13854
5086
8329
9207
285
9319
2780
6443
11089
12921
19135
2399
2804
15419
15915
4666
12912
10796
17554
14987
5401
6786
5054
9050
14013
12852
1238
5156
20877
10287
4278
14745
557
21647
8513
20549
1300
18146
6173
16575
4524
10728
7771
10718
4406
9954
18273
20531
10031
7982
4996
12213
17449
3920
11098
35
11519
19213
4043
18254
7759
17079
18616
5640
21614
17439
15615
20076
14676
10439
8417
4413
7925
9045
3157
494
8066
2232
10369
16571
2609
10601
7484
12422
4748
6986
18784
5184
15219
19022
257
17479
16914
4947
8902
20468
2787
18723
2049
19823
19933
21922
10059
5582
7462
6071
14647
7721
368
14477
8822
10866
7387
2321
19418
12143
7049
9206
391
16853
18291
18222
9982
16167
6479
10403
11106
19889
20222
3584
11294
6176
18312
11713
16817
2574
14597
21548
4022
14022
21869
7353
884
18403
8915
6374
5634
18161
20941
13307
2573
9101
12794
11923
5136
18419
708
10813
7647
16437
7021
6203
2931
15512
5813
4847
17102
15053
11688
4148
14043
4295
10438
11743
11269
14084
9817
6551
10145
27
4971
20
106
4806
7533
16603
8418
15588
92
20176
19942
520
20918
20234
16272
10578
4995
20089
16203
4309
16154
18636
2936
2608
17315
399
2710
6392
15446
6137
1653
8282
7494
19129
1087
15380
10190
14717
4707
1576
5516
20755
19840
427
5728
10851
12877
14035
20791
6813
16320
16858
5980
692
12730
12392
3137
11285
5255
13537
17473
6817
18485
19373
4866
15221
3564
19717
14922
10925
15779
2395
978
8492
3539
6646
14296
9559
4356
18509
10447
16213
2651
892
3420
151
3750
12125
21278
21675
5613
20581
14109
5112
21644
17722
8965
5969
7512
20114
732
21206
6267
13944
2733
2098
6486
11706
3105
18178
18851
21074
16205
20838
12653
3156
1408
18782
6311
10506
10014
4824
5416
8374
13538
5843
20188
1901
9132
11564
21291
2752
15508
12806
14411
1074
14606
1630
2972
994
11231
18551
18953
9504
17822
20503
14182
2792
12324
21304
3937
10981
17016
18031
11586
17434
6045
16707
15501
20202
3617
5051
4338
19239
207
21114
15698
3899
9777
15571
20702
139
20530
16653
16316
9451
5153
19204
16529
14985
10305
18148
14549
1060
4534
17868
2799
10895
12033
7500
14141
17834
18906
15749
5545
5194
115
15891
16682
410
145
12229
996
9221
9184
17994
3626
20390
19435
2457
14920
8525
3309
9467
1662
16538
20740
6807
11547
15952
5925
14225
14915
16715
11827
8592
21476
10890
18099
5369
16881
1897
17795
5729
4108
17442
1219
16959
13835
21038
9189
19745
8207
11194
18452
10235
2969
21420
6423
10781
7927
12598
2006
13378
10380
20644
16699
21461
2975
1810
20019
2996
9141
4449
4353
12894
11917
11175
18192
2233
18412
14824
18502
3076
14382
15450
7056
10703
16580
18339
6558
15375
21547
9162
6434
17686
468
13256
3094
15272
16827
13045
298
14568
5910
12532
13548
12381
18768
2641
4801
20221
8896
13316
9238
14064
11382
16859
3488
14028
14352
13861
2632
10719
532
16901
1395
8813
21678
6601
6407
11433
5755
19454
1396
2325
9479
5702
18641
2910
2716
20130
16728
21601
11446
16664
11798
10748
14072
16961
7122
10688
1324
7489
18022
5967
153
2183
20282
15399
7983
11552
5535
21902
16882
12678
3149
20001
9282
18347
5332
17594
5314
1339
5234
279
21904
3907
5803
12607
19984
9740
15077
4964
14456
16184
16674
7482
11372
5531
11170
9619
20889
13693
13019
13011
17487
19549
614
19115
10583
17248
17109
15095
8306
9112
8521
6867
8535
15717
6018
393
12109
20855
13417
7163
14327
3770
2268
8426
10390
12202
12415
2453
19901
12004
16543
4646
289
4949
2235
15954
11561
11075
802
1678
11911
18158
9524
17648
11154
7492
4423
6668
20514
9894
8201
1731
9339
2210
5463
4040
10155
15258
5013
4092
767
16371
17314
14478
9036
18754
4814
4758
20782
6248
10115
7079
20999
11155
490
20439
16595
11696
291
3988
20314
6141
6501
19874
8216
19811
8221
14627
12217
10911
14340
6622
11731
4634
15087
10831
9502
18743
11529
2595
20962
15461
15178
19725
6096
7459
11563
10140
8536
3789
19453
6782
4025
17923
10954
12575
6842
4265
8196
359
17957
15933
16253
18445
1340
7573
6067
20062
1068
4492
9671
17668
13571
2319
8559
13481
17162
18477
1368
15489
2003
18301
15217
1253
11126
6684
8639
14974
16795
13158
11931
17640
19411
1966
21231
20424
7363
16233
20591
19172
10691
10470
2636
18900
12902
8321
6700
6195
9068
15421
20317
6308
21309
1606
5307
19695
19137
7590
15864
12326
19911
2615
670
11616
455
2856
4209
8606
12081
18331
7455
18859
18513
16793
21214
9856
17690
7234
2630
4915
5059
689
20442
12244
6841
10944
7325
18612
16869
21137
11609
2191
8269
14029
6944
13052
6338
4608
14234
11542
6721
7930
9321
12984
9464
8299
1764
2253
20793
2421
17060
2772
11072
17858
14039
19807
20357
14654
2370
2023
10184
12841
9414
3026
7690
15058
10052
16245
16834
6548
16036
8603
2077
20936
4388
4562
3098
21785
10934
19468
6177
13173
13979
1505
15277
3577
16542
11318
13879
16743
7867
4339
21201
18818
13796
11900
18125
9654
18019
13016
11312
17549
12933
18458
21590
5824
6954
10620
19372
14447
1362
9017
20926
19646
2628
12869
9758
16195
21392
11596
14728
4311
13758
21660
8344
11362
13179
3419
18030
4090
15549
17518
7626
11873
7799
12078
10892
4103
10609
18094
4985
2175
20803
14599
12369
1284
9550
6752
2944
2564
1555
745
18070
8645
16681
13088
15105
21698
7773
9099
19963
20752
1950
15445
4656
9585
21507
8874
16741
15262
255
12489
1934
15133
7951
14739
588
5630
12778
9873
577
17693
8586
20373
17128
12124
2654
6159
9699
8772
4318
11607
13059
11708
19642
10306
17809
15343
5027
3388
4448
3566
16176
11198
19720
10805
15650
3258
14725
607
11475
10283
3000
4496
4206
11770
17544
2960
3140
1166
3968
20444
3299
8065
19383
20058
10288
16053
13024
12934
4069
2244
19331
18695
11953
16106
10304
16874
17428
21805
14594
3792
14950
14166
19494
6824
5941
20051
7780
7603
2781
14468
62
7738
12995
20193
2121
18792
17689
9294
21240
10947
18799
8071
6119
13671
7350
20779
17539
21496
10449
13855
10579
1815
6235
21391
10399
5303
19479
16957
15626
126
9214
10676
10722
18819
4182
14868
20538
11642
940
4321
14698
18893
21589
17269
4743
7331
14534
16821
16332
15039
4640
3147
20871
14324
14587
18587
4893
5519
14480
16079
2223
742
12054
11190
21448
19142
20297
18577
14632
11981
16276
19437
14580
14845
8839
7631
666
21905
3889
16742
20344
19635
1142
11060
411
12812
17237
1384
21075
695
2074
20822
17085
18526
3476
11600
19786
18839
8312
6544
3902
6806
13226
18788
12050
14542
16875
18979
9417
7567
2820
4839
11139
8585
13756
2667
11037
17245
16654
10751
12025
14349
15522
8562
2264
8947
4304
1124
12172
12200
13344
11071
8208
21264
8285
161
5959
10356
14720
15154
1837
10488
10323
21560
7613
16630
21022
17293
8124
3210
8030
4665
21243
17303
21512
2330
21942
17116
14369
14503
21433
15400
14290
18594
3507
17349
5483
17989
1907
1080
15505
9974
20960
7526
11158
6693
10977
5620
4693
18786
3144
2316
19588
20928
17268
19148
16212
5526
4532
11774
3677
960
19983
8781
10800
11032
6313
15509
20989
21629
9765
18122
12126
7761
6735
19614
4609
21681
13247
15762
262
7800
641
18802
19237
12112
8043
3939
14355
2658
8871
16774
5403
7082
18657
2963
7476
1578
11078
18517
8402
3926
7355
17059
15737
6924
21396
1268
20186
21186
10696
16758
6038
9229
17624
20809
19329
9418
5019
14509
14014
12207
17675
10142
6987
8974
19218
12854
11028
13512
11857
7238
17213
20898
18640
10040
4327
7776
8164
18969
16346
6666
16590
1620
4197
21234
20120
18383
5687
5192
13991
7414
16319
6797
14077
19297
3285
10071
918
21482
20696
19970
16847
16906
8249
21602
21827
20392
17517
10771
21780
1242
18602
21893
19442
9988
15826
2948
8989
1708
16255
9872
4312
9745
19645
4799
19200
12756
10480
13692
1857
3208
21050
9223
7632
11745
16067
9237
13050
21145
1524
20623
10990
19424
21759
20945
9772
10877
17798
5918
9791
17080
3056
2845
526
14746
18584
6963
17961
9801
15243
18698
3981
9993
16933
15214
1591
9632
13235
19498
4184
10737
18245
194
15627
20290
14310
830
7344
4111
18379
5068
19586
2163
9095
189
15872
20541
6635
10410
8827
16563
21855
15144
9382
17781
1406
19919
19672
7173
7755
18885
11584
11890
6798
7704
18814
3963
9387
15027
2411
10726
1980
1688
17891
18026
10253
14707
20359
9148
12468
13665
9866
5611
6044
20430
2234
10229
18257
5050
12923
10416
5135
100
6259
13588
4372
4687
7986
8192
7786
12456
7372
10241
14927
17144
6246
14220
13886
7256
21056
6126
6929
9881
12761
10275
18400
20421
20888
18992
604
10426
15629
3706
10091
17817
19662
402
8061
10346
6395
8203
21042
7522
1542
19164
11043
17289
14967
19247
20408
21519
2338
17388
17832
8975
19264
5000
424
17596
1264
9090
2131
9234
15056
2172
15018
3575
17320
450
21449
11957
6027
15705
7703
1899
20307
13509
1482
21379
13771
9732
13061
10465
16144
11806
19063
15407
8952
7781
6707
2484
7664
1314
1776
11516
8687
19711
6087
21501
7609
5815
2332
5423
19120
13054
5943
20903
21083
4273
21298
6302
12159
7265
14949
5539
8488
3914
10717
3466
9060
12861
193
20714
11009
5703
4595
8763
21203
19282
19160
7907
16704
18548
2882
11006
21903
20967
17497
8449
14269
1246
649
12364
13848
11862
15709
636
20954
3603
1188
16756
5467
10684
15894
7511
4283
7926
13686
3544
12296
19703
13335
10598
20796
4113
870
8964
14052
8293
13631
3837
6895
14859
821
20707
4991
8720
21191
3415
8855
6424
662
8967
7096
10701
11816
15890
18840
15515
20269
638
9423
15216
8137
18244
21130
18037
9569
18095
19296
6921
20677
2117
17704
8441
3004
6585
1794
5708
12932
9706
1880
